{
  "advancedEditorSelectedIdentifier" : "ShaderGraphEditorPluginID",
  "openSceneRelativePaths" : [
    "GojoDomain.usda",
    "FirstScene.usda",
    "VoidDomScene.usda",
    "ParticleEmitter.usda",
    "TransitionSphere.usda",
    "DefinitiveSborrSphere_1.usda"
  ],
  "recentIdentifiers" : {
    "07C5AFAB-9FAD-495A-BC21-AE26E03DC9B6" : [

    ],
    "137B6280-1028-4587-9939-25B98F2264F8" : [

    ],
    "3EAB3854-9582-4D61-81A9-84234140BB4C" : [

    ],
    "442D48C3-6781-4D46-B8AA-44DF00B060BD" : [

    ],
    "8D1EFD40-5DAA-4482-B5CE-14D79D3D7174" : [

    ],
    "9115FBAE-6C94-49EC-BEAC-37BF25F0B310" : [

    ],
    "A9FF1D7B-DFF0-4133-9EF3-DE43DA7DA1AE" : [

    ],
    "AF09ED6F-1707-48FD-8720-65B998362C09" : [

    ],
    "BCE1627E-89D5-4ECF-9695-2C6A4BDBE542" : [

    ]
  },
  "sceneCameraHistory" : {
    "07C5AFAB-9FAD-495A-BC21-AE26E03DC9B6" : [
      {
        "date" : 769439847.30839,
        "title" : "Untitled",
        "transform" : [
          0.35871878,
          2.6005242e-10,
          -0.9334457,
          0,
          -0.5982592,
          0.7676119,
          -0.22990818,
          0,
          0.7165241,
          0.64091486,
          0.27535683,
          0,
          12.642789,
          11.308687,
          4.858534,
          1
        ]
      },
      {
        "date" : 769439835.112183,
        "title" : "Untitled",
        "transform" : [
          1,
          0,
          0,
          0,
          0,
          0.7071069,
          -0.7071067,
          0,
          0,
          0.7071067,
          0.7071069,
          0,
          0.0002743831,
          123.00155,
          123.00155,
          1
        ]
      },
      {
        "date" : 769439831.017113,
        "title" : "Untitled",
        "transform" : [
          1,
          0,
          -0,
          0,
          -0,
          0.7071069,
          -0.7071067,
          0,
          0,
          0.7071067,
          0.7071069,
          0,
          2.3841858e-07,
          0.106879234,
          0.106879234,
          1
        ]
      }
    ],
    "137B6280-1028-4587-9939-25B98F2264F8" : [
      {
        "date" : 769436997.094741,
        "title" : "Untitled",
        "transform" : [
          0.9946351,
          1.0157183e-08,
          0.10344538,
          0,
          0.01160583,
          0.99368656,
          -0.11158956,
          0,
          -0.102792665,
          0.112191565,
          0.98835546,
          0,
          -0.9733383,
          1.210942,
          2.1167018,
          1
        ]
      },
      {
        "date" : 769436955.265521,
        "title" : "Untitled",
        "transform" : [
          0.996118,
          1.0233129e-08,
          -0.08802788,
          0,
          -0.011554017,
          0.99134856,
          -0.13074614,
          0,
          0.08726592,
          0.13125575,
          0.98750013,
          0,
          -0.5524453,
          1.2532725,
          2.258975,
          1
        ]
      },
      {
        "date" : 769436947.742535,
        "title" : "Untitled",
        "transform" : [
          0.996118,
          1.0233129e-08,
          -0.08802788,
          0,
          -0.011554017,
          0.99134856,
          -0.13074614,
          0,
          0.08726592,
          0.13125575,
          0.98750013,
          0,
          -0.0040225945,
          0.18183121,
          0.44962034,
          1
        ]
      },
      {
        "date" : 769425313.564232,
        "title" : "Untitled",
        "transform" : [
          0.7747472,
          1.2801495e-08,
          0.6322712,
          0,
          0.3468657,
          0.8360832,
          -0.42502832,
          0,
          -0.5286315,
          0.54860276,
          0.6477528,
          0,
          -3.444592,
          3.9957476,
          3.9676266,
          1
        ]
      },
      {
        "date" : 769425285.828023,
        "title" : "Untitled",
        "transform" : [
          0.7620894,
          1.2799903e-08,
          0.64747185,
          0,
          0.1851404,
          0.9582465,
          -0.21791442,
          0,
          -0.6204378,
          0.28594354,
          0.73026925,
          0,
          -4.1212616,
          2.3227994,
          4.6035943,
          1
        ]
      },
      {
        "date" : 769425252.932448,
        "title" : "Untitled",
        "transform" : [
          -0.1082957,
          1.6758285e-08,
          0.9941187,
          0,
          0.55600554,
          0.8289687,
          0.060569312,
          0,
          -0.8240932,
          0.55929506,
          -0.089774,
          0,
          -20.602203,
          16.246399,
          -2.8882024,
          1
        ]
      },
      {
        "date" : 769425250.54485,
        "title" : "Untitled",
        "transform" : [
          -0.295948,
          1.76744e-08,
          0.95520407,
          0,
          0.68859476,
          0.69305193,
          0.21334533,
          0,
          -0.6620059,
          0.7208877,
          -0.20510755,
          0,
          -15.971626,
          20.250359,
          -5.618545,
          1
        ]
      },
      {
        "date" : 769425132.333544,
        "title" : "Untitled",
        "transform" : [
          0.43546173,
          1.7739726e-08,
          0.9002072,
          0,
          0.75238746,
          0.5490437,
          -0.36395603,
          0,
          -0.49425325,
          0.8357936,
          0.23908733,
          0,
          -19.884277,
          26.272928,
          -22.84798,
          1
        ]
      },
      {
        "date" : 769425123.623475,
        "title" : "Untitled",
        "transform" : [
          0.744815,
          2.671984e-08,
          0.6672711,
          0,
          0.4150376,
          0.78302336,
          -0.46326923,
          0,
          -0.5224889,
          0.62199247,
          0.5832073,
          0,
          -2.339646,
          12.596445,
          14.059034,
          1
        ]
      },
      {
        "date" : 769425063.449417,
        "title" : "Untitled",
        "transform" : [
          0.5319608,
          1.9106391e-08,
          0.846769,
          0,
          0.4231546,
          0.86618215,
          -0.26583594,
          0,
          -0.7334562,
          0.49972853,
          0.46077487,
          0,
          -7.586832,
          10.684423,
          13.787092,
          1
        ]
      }
    ],
    "3EAB3854-9582-4D61-81A9-84234140BB4C" : [
      {
        "date" : 769528626.878831,
        "title" : "Untitled",
        "transform" : [
          0.1993863,
          -7.959496e-09,
          0.9799209,
          0,
          0.2673125,
          0.9620736,
          -0.05439062,
          0,
          -0.942756,
          0.27278996,
          0.19182459,
          0,
          -9.837017,
          4.242098,
          2.6383402,
          1
        ]
      },
      {
        "date" : 769528603.131664,
        "title" : "Untitled",
        "transform" : [
          0.1993863,
          -7.959496e-09,
          0.9799209,
          0,
          0.2673125,
          0.9620736,
          -0.05439062,
          0,
          -0.942756,
          0.27278996,
          0.19182459,
          0,
          -9.603514,
          5.5673885,
          1.9012623,
          1
        ]
      },
      {
        "date" : 769528588.254556,
        "title" : "Untitled",
        "transform" : [
          0.1993863,
          -7.959496e-09,
          0.9799209,
          0,
          0.2673125,
          0.9620736,
          -0.05439062,
          0,
          -0.942756,
          0.27278996,
          0.19182459,
          0,
          -4.90975,
          2.8463006,
          1.3097498,
          1
        ]
      },
      {
        "date" : 769527524.798837,
        "title" : "Untitled",
        "transform" : [
          0.1993863,
          -7.959496e-09,
          0.9799209,
          0,
          0.2673125,
          0.9620736,
          -0.05439062,
          0,
          -0.942756,
          0.27278996,
          0.19182459,
          0,
          -16.252983,
          7.111899,
          4.3357277,
          1
        ]
      },
      {
        "date" : 769527514.335983,
        "title" : "Untitled",
        "transform" : [
          0.9930946,
          -5.337885e-09,
          -0.117315486,
          0,
          -0.042540215,
          0.93193966,
          -0.36010945,
          0,
          0.10933125,
          0.36261347,
          0.92550415,
          0,
          0.36358276,
          1.9639676,
          1.9983587,
          1
        ]
      },
      {
        "date" : 769527509.971562,
        "title" : "Untitled",
        "transform" : [
          0.2089443,
          -9.101878e-09,
          -0.9779275,
          0,
          -0.10087309,
          0.99466586,
          -0.021552535,
          0,
          0.97271115,
          0.103149936,
          0.20782948,
          0,
          9.452817,
          3.132978,
          1.2253845,
          1
        ]
      },
      {
        "date" : 769527503.278503,
        "title" : "Untitled",
        "transform" : [
          0.19032985,
          -9.101878e-09,
          -0.98172015,
          0,
          -0.1012643,
          0.99466586,
          -0.019632455,
          0,
          0.9764836,
          0.103149936,
          0.1893143,
          0,
          5.12643,
          2.1541178,
          0.56575495,
          1
        ]
      },
      {
        "date" : 769526382.609844,
        "title" : "Untitled",
        "transform" : [
          0.19032985,
          -9.101878e-09,
          -0.98172015,
          0,
          -0.1012643,
          0.99466586,
          -0.019632455,
          0,
          0.9764836,
          0.103149936,
          0.1893143,
          0,
          10.799365,
          4.532587,
          4.3721185,
          1
        ]
      },
      {
        "date" : 769526349.88351,
        "title" : "Untitled",
        "transform" : [
          0.19032985,
          -9.101878e-09,
          -0.98172015,
          0,
          -0.1012643,
          0.99466586,
          -0.019632455,
          0,
          0.9764836,
          0.103149936,
          0.1893143,
          0,
          6.0724316,
          2.548652,
          2.4584212,
          1
        ]
      },
      {
        "date" : 769526347.241786,
        "title" : "Untitled",
        "transform" : [
          0.19032985,
          -9.101878e-09,
          -0.98172015,
          0,
          -0.1012643,
          0.99466586,
          -0.019632455,
          0,
          0.9764836,
          0.103149936,
          0.1893143,
          0,
          5.3208117,
          2.3569663,
          2.1541283,
          1
        ]
      }
    ],
    "442D48C3-6781-4D46-B8AA-44DF00B060BD" : [
      {
        "date" : 769437633.431495,
        "title" : "Untitled",
        "transform" : [
          0.9999906,
          7.520917e-08,
          0.00434277,
          0,
          0.00068204437,
          0.9875877,
          -0.15706716,
          0,
          -0.004288878,
          0.15706861,
          0.9875784,
          0,
          0.18769893,
          0.10035342,
          0.35450858,
          1
        ]
      },
      {
        "date" : 769437085.253937,
        "title" : "Untitled",
        "transform" : [
          0.9999906,
          7.520917e-08,
          0.00434277,
          0,
          0.00068204437,
          0.9875877,
          -0.15706716,
          0,
          -0.004288878,
          0.15706861,
          0.9875784,
          0,
          0.6843544,
          -0.8226248,
          0.5034598,
          1
        ]
      },
      {
        "date" : 769437048.941938,
        "title" : "Untitled",
        "transform" : [
          0.99997246,
          7.521024e-08,
          -0.0074217073,
          0,
          -0.0011347706,
          0.98824334,
          -0.15288538,
          0,
          0.0073344414,
          0.15288953,
          0.9882161,
          0,
          0.02247135,
          0.14730427,
          0.34645814,
          1
        ]
      },
      {
        "date" : 769436892.942569,
        "title" : "Untitled",
        "transform" : [
          0.99938804,
          7.5057216e-08,
          0.03498112,
          0,
          0.006141422,
          0.9844676,
          -0.17545842,
          0,
          -0.034437798,
          0.17556584,
          0.9838652,
          0,
          0.007883897,
          0.15523297,
          0.34362382,
          1
        ]
      },
      {
        "date" : 769436887.78355,
        "title" : "Untitled",
        "transform" : [
          0.9959164,
          7.505504e-08,
          -0.0902801,
          0,
          -0.015341849,
          0.98545516,
          -0.1692414,
          0,
          0.08896699,
          0.16993533,
          0.98143107,
          0,
          0.05087627,
          0.1532689,
          0.34081814,
          1
        ]
      },
      {
        "date" : 769436843.838625,
        "title" : "Untitled",
        "transform" : [
          0.99868166,
          7.52225e-08,
          0.051331956,
          0,
          0.015812716,
          0.9513703,
          -0.30764335,
          0,
          -0.048835732,
          0.30804947,
          0.95011616,
          0,
          0.0035090684,
          0.20053354,
          0.31939116,
          1
        ]
      },
      {
        "date" : 769436839.5105,
        "title" : "Untitled",
        "transform" : [
          0.9921427,
          7.770097e-08,
          0.1251113,
          0,
          0.075186364,
          0.79928184,
          -0.59623444,
          0,
          -0.09999924,
          0.6009563,
          0.79300165,
          0,
          -0.0151427165,
          0.089003086,
          0.12885666,
          1
        ]
      },
      {
        "date" : 769436823.548218,
        "title" : "Untitled",
        "transform" : [
          0.99209845,
          8.05701e-08,
          0.1254625,
          0,
          0.057811394,
          0.88751096,
          -0.45714578,
          0,
          -0.11134939,
          0.46078682,
          0.8804982,
          0,
          -0.017445553,
          1.1687167,
          40.13545,
          1
        ]
      },
      {
        "date" : 769436795.949926,
        "title" : "Untitled",
        "transform" : [
          0.9246449,
          8.133392e-08,
          0.3808306,
          0,
          0.13063838,
          0.9393224,
          -0.31718612,
          0,
          -0.3577227,
          0.34303564,
          0.8685395,
          0,
          -0.05522855,
          1.1506153,
          40.133266,
          1
        ]
      },
      {
        "date" : 769436790.96281,
        "title" : "Untitled",
        "transform" : [
          0.9996539,
          7.643479e-08,
          -0.026309328,
          0,
          -0.017745484,
          0.7382822,
          -0.6742584,
          0,
          0.019423654,
          0.6744919,
          0.7380266,
          0,
          0.0026909113,
          1.2016759,
          40.114136,
          1
        ]
      }
    ],
    "8D1EFD40-5DAA-4482-B5CE-14D79D3D7174" : [
      {
        "date" : 768917195.842253,
        "title" : "Untitled",
        "transform" : [
          -0.9984393,
          -1.81767e-09,
          0.05584923,
          0,
          0.005394897,
          0.9953236,
          0.09644667,
          0,
          -0.055588093,
          0.096597426,
          -0.99377006,
          0,
          -2.605355,
          8.427669,
          -28.445503,
          1
        ]
      },
      {
        "date" : 768917148.286971,
        "title" : "Untitled",
        "transform" : [
          -0.9998687,
          -1.5387154e-09,
          -0.016206454,
          0,
          0.015451214,
          0.30171338,
          -0.95327353,
          0,
          0.0048896517,
          -0.95339864,
          -0.3016737,
          0,
          -0.7825823,
          -26.166315,
          -14.201114,
          1
        ]
      },
      {
        "date" : 768917142.532093,
        "title" : "Untitled",
        "transform" : [
          -0.9998022,
          -8.3729024e-10,
          -0.019890994,
          0,
          0.0017199853,
          0.9962543,
          -0.08645343,
          0,
          0.019816436,
          -0.086470544,
          -0.9960573,
          0,
          -0.42356345,
          3.0823438,
          -29.618912,
          1
        ]
      },
      {
        "date" : 768917135.469275,
        "title" : "Untitled",
        "transform" : [
          0.99503356,
          -9.608732e-10,
          0.099540345,
          0,
          -0.026789702,
          0.96310264,
          0.26779747,
          0,
          -0.09586752,
          -0.26913413,
          0.9583195,
          0,
          -1.9451872,
          -2.4430714,
          29.617697,
          1
        ]
      },
      {
        "date" : 768917125.426104,
        "title" : "Untitled",
        "transform" : [
          0.71775967,
          -1.121073e-09,
          0.696291,
          0,
          -0.20587991,
          0.95528686,
          0.21222778,
          0,
          -0.6651576,
          -0.29568085,
          0.6856663,
          0,
          -0.118637085,
          -0.037535667,
          0.12075806,
          1
        ]
      },
      {
        "date" : 768916807.707698,
        "title" : "Untitled",
        "transform" : [
          0.7177596,
          -2.6478801e-09,
          0.696291,
          0,
          -0.20587991,
          0.95528674,
          0.2122278,
          0,
          -0.6651577,
          -0.29568085,
          0.68566614,
          0,
          -157.41734,
          -9.499359,
          85.43247,
          1
        ]
      },
      {
        "date" : 768916799.807469,
        "title" : "Untitled",
        "transform" : [
          0.99129164,
          -7.400245e-09,
          0.13168508,
          0,
          -0.0432252,
          0.94459194,
          0.32538855,
          0,
          -0.12438871,
          -0.32824704,
          0.936366,
          0,
          -11.351175,
          -60.63526,
          154.61794,
          1
        ]
      },
      {
        "date" : 768916678.871693,
        "title" : "Untitled",
        "transform" : [
          0.99129164,
          -7.400245e-09,
          0.13168508,
          0,
          -0.043225195,
          0.9445918,
          0.32538852,
          0,
          -0.12438871,
          -0.32824704,
          0.936366,
          0,
          -4.938577,
          -71.19668,
          151.76744,
          1
        ]
      },
      {
        "date" : 768916455.77653,
        "title" : "Untitled",
        "transform" : [
          -0.8086358,
          -8.971198e-09,
          -0.5883096,
          0,
          -0.1485484,
          0.96759677,
          0.20418078,
          0,
          0.56924653,
          0.25250033,
          -0.7824333,
          0,
          5.793531,
          -1.6681685,
          -26.525106,
          1
        ]
      },
      {
        "date" : 768916443.654972,
        "title" : "Untitled",
        "transform" : [
          -0.8394705,
          -9.5168105e-09,
          -0.5434052,
          0,
          -0.13033123,
          0.97081196,
          0.20134005,
          0,
          0.52754426,
          0.23984171,
          -0.81496805,
          0,
          5.7724714,
          -1.6745611,
          -26.541536,
          1
        ]
      }
    ],
    "9115FBAE-6C94-49EC-BEAC-37BF25F0B310" : [
      {
        "date" : 769436736.502115,
        "title" : "Untitled",
        "transform" : [
          0.9973942,
          -3.7158288e-09,
          -0.07214468,
          0,
          -0.015452115,
          0.9767936,
          -0.21362452,
          0,
          0.07047042,
          0.21418251,
          0.97424823,
          0,
          -9.678535,
          4.907383,
          20.705017,
          1
        ]
      },
      {
        "date" : 769436722.707409,
        "title" : "Untitled",
        "transform" : [
          0.9973942,
          -3.7158288e-09,
          -0.07214468,
          0,
          -0.015452115,
          0.9767936,
          -0.21362452,
          0,
          0.07047042,
          0.21418251,
          0.97424823,
          0,
          -5.9056587,
          7.7102556,
          19.815895,
          1
        ]
      },
      {
        "date" : 769436713.489324,
        "title" : "Untitled",
        "transform" : [
          0.9973942,
          -3.7158288e-09,
          -0.07214468,
          0,
          -0.015452115,
          0.9767936,
          -0.21362452,
          0,
          0.07047042,
          0.21418251,
          0.97424823,
          0,
          -11.869066,
          4.537814,
          20.944687,
          1
        ]
      },
      {
        "date" : 769436711.405442,
        "title" : "Untitled",
        "transform" : [
          0.9973942,
          -3.7158288e-09,
          -0.07214468,
          0,
          -0.015452115,
          0.9767936,
          -0.21362452,
          0,
          0.07047042,
          0.21418251,
          0.97424823,
          0,
          -2.3427238,
          1.1385994,
          3.6132965,
          1
        ]
      },
      {
        "date" : 769436707.510179,
        "title" : "Untitled",
        "transform" : [
          0.9973942,
          -3.7158288e-09,
          -0.07214468,
          0,
          -0.015452115,
          0.9767936,
          -0.21362452,
          0,
          0.07047042,
          0.21418251,
          0.97424823,
          0,
          -14.057538,
          4.508053,
          3.7199097,
          1
        ]
      },
      {
        "date" : 769436657.063859,
        "title" : "Untitled",
        "transform" : [
          0.97890157,
          -3.6685084e-09,
          -0.20433274,
          0,
          -0.03854747,
          0.9820442,
          -0.18467037,
          0,
          0.20066375,
          0.18865049,
          0.96132463,
          0,
          -3.025051,
          2.3276434,
          2.002304,
          1
        ]
      },
      {
        "date" : 769436648.078695,
        "title" : "Untitled",
        "transform" : [
          0.9688735,
          -2.7045366e-09,
          -0.24755646,
          0,
          -0.041270744,
          0.9860056,
          -0.16152334,
          0,
          0.24409205,
          0.16671242,
          0.9553147,
          0,
          0.6131229,
          0.42363477,
          0.91610074,
          1
        ]
      },
      {
        "date" : 769436610.266731,
        "title" : "Untitled",
        "transform" : [
          0.99984485,
          -8.66212e-09,
          0.017615527,
          0,
          0.007421951,
          0.9069077,
          -0.42126408,
          0,
          -0.015975667,
          0.4213294,
          0.906767,
          0,
          -0.04773785,
          1.0706446,
          0.7927359,
          1
        ]
      },
      {
        "date" : 769436598.777171,
        "title" : "Untitled",
        "transform" : [
          0.9974943,
          1.8601249e-09,
          0.070746586,
          0,
          -0.013764239,
          0.9808912,
          0.1940694,
          0,
          -0.06939471,
          -0.1945569,
          0.97843343,
          0,
          -25.22966,
          -49.721382,
          354.07147,
          1
        ]
      },
      {
        "date" : 769436596.946106,
        "title" : "Untitled",
        "transform" : [
          0.99749434,
          1.6246089e-09,
          0.07074659,
          0,
          -0.013764259,
          0.98089117,
          0.1940694,
          0,
          -0.06939462,
          -0.19455689,
          0.9784335,
          0,
          -97.139915,
          17.677866,
          -73.89594,
          1
        ]
      }
    ],
    "A9FF1D7B-DFF0-4133-9EF3-DE43DA7DA1AE" : [
      {
        "date" : 768825579.240903,
        "title" : "Untitled",
        "transform" : [
          0.9922583,
          2.565158e-09,
          0.12419161,
          0,
          0.05240638,
          0.90660506,
          -0.4187132,
          0,
          -0.11259282,
          0.42198002,
          0.8995865,
          0,
          -11.930405,
          26.460663,
          68.314926,
          1
        ]
      },
      {
        "date" : 768824716.548467,
        "title" : "Untitled",
        "transform" : [
          0.99921906,
          2.2399576e-09,
          0.039514836,
          0,
          0.008681262,
          0.9755683,
          -0.21952459,
          0,
          -0.03854949,
          0.21969607,
          0.9748064,
          0,
          -4.452512,
          6.196314,
          75.115616,
          1
        ]
      },
      {
        "date" : 768824693.645801,
        "title" : "Untitled",
        "transform" : [
          0.99927896,
          2.106141e-09,
          -0.037969887,
          0,
          -0.0071810433,
          0.981953,
          -0.18898845,
          0,
          0.037284575,
          0.18912473,
          0.981245,
          0,
          1.3827521,
          3.843985,
          75.39155,
          1
        ]
      },
      {
        "date" : 768824674.768386,
        "title" : "Untitled",
        "transform" : [
          0.9974098,
          2.4458693e-09,
          0.07192881,
          0,
          0.008713892,
          0.99263465,
          -0.120832205,
          0,
          -0.07139911,
          0.12114589,
          0.9900636,
          0,
          -5.4448323,
          -4.7425385,
          75.694046,
          1
        ]
      },
      {
        "date" : 768824670.928748,
        "title" : "Untitled",
        "transform" : [
          0.9974098,
          2.4458693e-09,
          0.07192881,
          0,
          0.008713892,
          0.99263465,
          -0.120832205,
          0,
          -0.07139911,
          0.12114589,
          0.9900636,
          0,
          -7.3156714,
          1.2160033,
          74.83004,
          1
        ]
      },
      {
        "date" : 768824644.007177,
        "title" : "Untitled",
        "transform" : [
          0.9986564,
          4.255021e-09,
          -0.051821686,
          0,
          -0.010519695,
          0.9791792,
          -0.20272529,
          0,
          0.050742652,
          0.20299792,
          0.9778635,
          0,
          1.9647055,
          7.4412265,
          74.80174,
          1
        ]
      },
      {
        "date" : 768824622.620326,
        "title" : "Untitled",
        "transform" : [
          0.9986564,
          4.255021e-09,
          -0.051821686,
          0,
          -0.010519695,
          0.9791792,
          -0.20272529,
          0,
          0.050742652,
          0.20299792,
          0.9778635,
          0,
          -0.5691424,
          4.0776706,
          75.63148,
          1
        ]
      },
      {
        "date" : 768824586.207194,
        "title" : "Untitled",
        "transform" : [
          0.9979608,
          5.0376467e-09,
          -0.063830666,
          0,
          -0.024277464,
          0.924846,
          -0.3795662,
          0,
          0.059033472,
          0.38034168,
          0.92296004,
          0,
          0.20969473,
          17.950998,
          73.58525,
          1
        ]
      },
      {
        "date" : 768824578.711022,
        "title" : "Untitled",
        "transform" : [
          1,
          0,
          0,
          0,
          0,
          0.7071069,
          -0.70710677,
          0,
          0,
          0.70710677,
          0.7071069,
          0,
          -4.487729,
          44.846466,
          60.874683,
          1
        ]
      },
      {
        "date" : 768824573.679016,
        "title" : "Untitled",
        "transform" : [
          1,
          0,
          0,
          0,
          0,
          0.7071069,
          -0.70710677,
          0,
          0,
          0.70710677,
          0.7071069,
          0,
          -44.825134,
          119.64636,
          221.21408,
          1
        ]
      }
    ],
    "AF09ED6F-1707-48FD-8720-65B998362C09" : [
      {
        "date" : 769103311.758112,
        "title" : "Untitled",
        "transform" : [
          0.9999984,
          3.73834e-11,
          -0.0018108434,
          0,
          -0.00090524094,
          0.866083,
          -0.4998994,
          0,
          0.0015683407,
          0.49990022,
          0.86608166,
          0,
          0.0002105087,
          0.062010407,
          0.12543654,
          1
        ]
      },
      {
        "date" : 769103310.757372,
        "title" : "Untitled",
        "transform" : [
          0.9999984,
          6.648723e-11,
          -0.0018108434,
          0,
          -0.000905241,
          0.866083,
          -0.4998994,
          0,
          0.0015683407,
          0.49990022,
          0.86608166,
          0,
          -0.05816977,
          0.74553263,
          1.0017235,
          1
        ]
      },
      {
        "date" : 768825675.593247,
        "title" : "Untitled",
        "transform" : [
          0.99999833,
          -1.733412e-11,
          -0.0018108434,
          0,
          -0.0009052411,
          0.866083,
          -0.49989942,
          0,
          0.0015683407,
          0.4999003,
          0.8660816,
          0,
          -0.12957777,
          1.5815848,
          2.0735564,
          1
        ]
      },
      {
        "date" : 768825635.516547,
        "title" : "Untitled",
        "transform" : [
          0.99999833,
          -1.733412e-11,
          -0.0018108434,
          0,
          -0.0009052411,
          0.866083,
          -0.49989942,
          0,
          0.0015683407,
          0.4999003,
          0.8660816,
          0,
          0.0040561995,
          1.2928921,
          2.2399466,
          1
        ]
      }
    ],
    "BCE1627E-89D5-4ECF-9695-2C6A4BDBE542" : [
      {
        "date" : 769426229.760662,
        "title" : "Untitled",
        "transform" : [
          -0.99274325,
          1.79943e-08,
          -0.12025322,
          0,
          -0.009596026,
          0.996811,
          0.079219565,
          0,
          0.11986988,
          0.07979864,
          -0.9895774,
          0,
          0.38879457,
          0.17045283,
          -3.1713269,
          1
        ]
      },
      {
        "date" : 769426217.095471,
        "title" : "Untitled",
        "transform" : [
          -0.99845064,
          1.9289317e-08,
          0.05564481,
          0,
          0.012040583,
          0.97630876,
          0.21604727,
          0,
          -0.054326374,
          0.2163825,
          -0.97479606,
          0,
          -0.16608438,
          0.5943906,
          -3.060967,
          1
        ]
      },
      {
        "date" : 769426209.601039,
        "title" : "Untitled",
        "transform" : [
          -0.9853678,
          1.9017758e-08,
          0.17044237,
          0,
          0.07301834,
          0.903587,
          0.42213622,
          0,
          -0.15400936,
          0.42840475,
          -0.8903654,
          0,
          -0.48236078,
          1.262245,
          -2.8150432,
          1
        ]
      },
      {
        "date" : 769426186.043745,
        "title" : "Untitled",
        "transform" : [
          -0.8811126,
          2.2921444e-08,
          0.4729065,
          0,
          0.109196864,
          0.972976,
          0.20345397,
          0,
          -0.4601266,
          0.23090582,
          -0.8573016,
          0,
          -0.35160702,
          0.15612212,
          -0.65743035,
          1
        ]
      },
      {
        "date" : 769426183.10954,
        "title" : "Untitled",
        "transform" : [
          -0.8811126,
          2.0795923e-08,
          0.4729065,
          0,
          0.22008613,
          0.8851055,
          0.41006127,
          0,
          -0.418572,
          0.46539038,
          -0.7798777,
          0,
          -0.3222106,
          0.33644944,
          -0.6026594,
          1
        ]
      },
      {
        "date" : 769426179.267735,
        "title" : "Untitled",
        "transform" : [
          -0.85263675,
          2.9501507e-08,
          0.5225041,
          0,
          -0.18282403,
          0.9367871,
          -0.29833734,
          0,
          -0.48947498,
          -0.34989968,
          -0.79873925,
          0,
          -0.3680727,
          -0.28539908,
          -0.60273224,
          1
        ]
      },
      {
        "date" : 769426170.332673,
        "title" : "Untitled",
        "transform" : [
          -0.7997596,
          3.762286e-08,
          0.6003204,
          0,
          0.17727877,
          0.9554024,
          0.2361746,
          0,
          -0.5735474,
          0.29530695,
          -0.7640923,
          0,
          -0.4394391,
          0.20551619,
          -0.58725864,
          1
        ]
      },
      {
        "date" : 769426156.107981,
        "title" : "Untitled",
        "transform" : [
          -0.93402404,
          3.594067e-08,
          0.35721028,
          0,
          0.15245217,
          0.90435284,
          0.39862794,
          0,
          -0.32304403,
          0.42678553,
          -0.84468734,
          0,
          -0.24804339,
          0.3066641,
          -0.6516502,
          1
        ]
      },
      {
        "date" : 769425001.969941,
        "title" : "Untitled",
        "transform" : [
          -0.9935556,
          3.6667007e-08,
          -0.11334612,
          0,
          -0.045532115,
          0.91576743,
          0.39911997,
          0,
          0.10379876,
          0.40170875,
          -0.90986586,
          0,
          0.081049964,
          0.28733826,
          -0.70077384,
          1
        ]
      },
      {
        "date" : 769424977.918284,
        "title" : "Untitled",
        "transform" : [
          0.954403,
          2.6021796e-08,
          -0.2985215,
          0,
          -0.024660664,
          0.9965821,
          -0.07884251,
          0,
          0.2975011,
          0.08260925,
          0.95114076,
          0,
          2.5336125,
          0.47899756,
          8.141431,
          1
        ]
      }
    ]
  },
  "sceneViewportBackgroundColors" : {

  },
  "selectedSceneRelativePath" : "TransitionSphere.usda"
}